County_dem_votes,County_rep_votes
103967.0,192270.0
98925.0,183652.0
95117.0,183965.0
53969.0,225667.0
97169.0,200644.0
116238.0,192024.0
164156.0,140027.0
0.0,0.0
126102.0,131809.0
154493.0,130223.0
124256.0,102991.0
93331.0,183177.0
133552.0,141998.0
140581.0,149472.0
98406.0,104630.0
140581.0,149472.0
133552.0,141998.0
79143.0,169748.0
127883.0,160782.0
88505.0,182190.0
84959.0,172148.0
193282.0,70984.0
117310.0,173540.0
108807.0,99187.0
303673.0,33165.0
252272.0,47001.0
241214.0,53178.0
228656.0,45781.0
86840.0,79719.0
199501.0,50999.0
214317.0,58319.0
204099.0,57783.0
223685.0,76322.0
178952.0,61221.0
68783.0,79401.0
100396.0,100396.0
104953.0,112903.0
168071.0,110123.0
177748.0,66969.0
160343.0,109301.0
178122.0,58968.0
195786.0,61198.0
146839.0,45899.0
141371.0,94114.0
195786.0,61198.0
119159.0,94858.0
171313.0,53548.0
220259.0,68848.0
146839.0,45899.0
109587.0,75405.0
111359.0,100991.0
171313.0,53548.0
177350.0,58575.0
147094.0,96520.0
133572.0,182217.0
122366.0,38249.0
104399.0,94679.0
118319.0,107303.0
171313.0,53548.0
146839.0,45899.0
150946.0,125679.0
108681.0,90489.0
158271.0,80870.0
156984.0,130706.0
166526.0,114955.0
201584.0,79358.0
158696.0,106837.0
132845.0,78153.0
173733.0,113057.0
173733.0,113057.0
151617.0,86704.0
156941.0,92624.0
121683.0,98507.0
135943.0,81549.0
279832.0,90976.0
255275.0,167043.0
150999.0,195224.0
150111.0,217082.0
123405.0,212369.0
187848.0,157469.0
190750.0,161731.0
179494.0,183421.0
156672.0,246370.0
194530.0,106097.0
198576.0,144373.0
225595.0,115963.0
217919.0,103961.0
183702.0,96546.0
146281.0,116917.0
181248.0,108743.0
174760.0,93519.0
125385.0,191727.0
110150.0,151280.0
123753.0,176826.0
108795.0,153671.0
180974.0,110340.0
56661.0,191627.0
131003.0,118683.0
106907.0,192718.0
208488.0,87935.0
243279.0,77614.0
196559.0,91476.0
132495.0,151089.0
93329.0,162972.0
60168.0,231128.0
126501.0,65034.0
140403.0,63813.0
102190.0,216477.0
87574.0,192578.0
151614.0,124352.0
231912.0,78624.0
176677.0,95923.0
127369.0,179497.0
131978.0,175271.0
155572.0,142384.0
84884.0,215466.0
122226.0,164759.0
131526.0,152557.0
116676.0,187997.0
209635.0,86760.0
214303.0,72779.0
161186.0,45327.0
241664.0,75107.0
184411.0,128119.0
241780.0,67991.0
174496.0,84829.0
225661.0,63458.0
161697.0,127161.0
100459.0,161280.0
87429.0,189340.0
93293.0,196882.0
137958.0,184894.0
82600.0,204272.0
166061.0,101680.0
92891.0,194228.0
116730.0,197543.0
176535.0,190410.0
178937.0,192960.0
126086.0,225477.0
62311.0,179381.0
108072.0,162273.0
157052.0,152870.0
87350.0,161483.0
74190.0,224637.0
89699.0,218679.0
185110.0,139454.0
100050.0,216672.0
48762.0,220864.0
131037.0,182659.0
115648.0,222965.0
205252.0,122792.0
100622.0,230655.0
116675.0,192342.0
108554.0,201010.0
132783.0,203022.0
210286.0,155950.0
144586.0,178887.0
124436.0,189215.0
190222.0,135791.0
218989.0,107495.0
42378.0,40392.0
81692.0,65254.0
187522.0,134987.0
229266.0,75395.0
231671.0,114668.0
194931.0,117940.0
195781.0,134832.0
223036.0,118120.0
204749.0,130811.0
240544.0,97453.0
234067.0,130461.0
235564.0,65455.0
232408.0,126930.0
208766.0,163215.0
199657.0,139064.0
133319.0,210718.0
124079.0,206967.0
222368.0,93702.0
197388.0,87017.0
200044.0,122678.0
134674.0,195571.0
144720.0,177998.0
119015.0,187907.0
157916.0,156277.0
142386.0,170197.0
140181.0,177150.0
182108.0,167388.0
165779.0,184608.0
133345.0,179725.0
169620.0,177838.0
229229.0,125589.0
220236.0,112707.0
241379.0,117280.0
129605.0,209654.0
106366.0,207619.0
138682.0,193462.0
99907.0,201787.0
178386.0,109988.0
126334.0,191115.0
79802.0,196886.0
230504.0,106496.0
197840.0,175937.0
106002.0,252514.0
99754.0,221782.0
170545.0,145126.0
112871.0,209466.0
84007.0,239816.0
67797.0,239153.0
177709.0,279240.0
99699.0,160721.0
130384.0,134469.0
53237.0,199689.0
120668.0,96017.0
129200.0,170054.0
156868.0,124822.0
132522.0,121163.0
174900.0,184429.0
173621.0,161356.0
194235.0,148410.0
198562.0,124490.0
216124.0,67158.0
189111.0,106100.0
149864.0,158227.0
162879.0,185097.0
151101.0,184903.0
176757.0,162714.0
162928.0,132218.0
188689.0,156475.0
182020.0,58244.0
172868.0,116359.0
145795.0,99979.0
55440.0,91252.0
144612.0,102108.0
127069.0,108977.0
138476.0,164201.0
198687.0,29277.0
231828.0,33538.0
203161.0,22989.0
144156.0,30437.0
149649.0,16179.0
191508.0,68741.0
176528.0,113806.0
133898.0,141527.0
127320.0,144314.0
140262.0,152978.0
155002.0,127881.0
102881.0,138240.0
103554.0,146959.0
104631.0,150144.0
137331.0,132704.0
167100.0,123716.0
146771.0,138494.0
127880.0,162269.0
155693.0,135236.0
159809.0,143249.0
165189.0,59478.0
151484.0,44336.0
167663.0,35857.0
186775.0,42915.0
172574.0,38759.0
128934.0,225230.0
235580.0,117328.0
124437.0,222078.0
232703.0,122859.0
152797.0,203028.0
186073.0,178120.0
123558.0,192757.0
266996.0,147162.0
142065.0,204379.0
152143.0,196432.0
145309.0,206352.0
139448.0,187060.0
159295.0,159900.0
93758.0,216794.0
211353.0,106743.0
167475.0,185315.0
153232.0,179084.0
153500.0,197223.0
163092.0,162661.0
155377.0,173517.0
149237.0,178547.0
171289.0,162872.0
133006.0,199440.0
210718.0,119598.0
100009.0,213101.0
126260.0,201303.0
90847.0,212526.0
111922.0,198631.0
105204.0,221545.0
191583.0,128699.0
101624.0,190809.0
62228.0,198431.0
60721.0,216237.0
86181.0,192782.0
109617.0,150873.0
212450.0,132558.0
139239.0,215666.0
293658.0,83731.0
178294.0,181292.0
176205.0,168228.0
59669.0,116522.0
367617.0,259480.0
584020.0,108748.0
218625.0,212208.0
126044.0,80388.0
125823.0,100100.0
140890.0,162048.0
124874.0,159798.0
83311.0,190526.0
101997.0,182150.0
122716.0,173174.0
153760.0,109876.0
117862.0,172941.0
114938.0,227460.0
52387.0,203392.0
85918.0,188944.0
83956.0,180174.0
75293.0,189638.0
155986.0,105724.0
56350.0,176733.0
51240.0,128761.0
103694.0,144252.0
156240.0,87072.0
47476.0,193442.0
66224.0,189415.0
143228.0,126785.0
104843.0,168687.0
40411.0,190251.0
107269.0,152286.0
106967.0,74274.0
133058.0,49960.0
101978.0,140514.0
120345.0,92812.0
53553.0,165473.0
134503.0,103731.0
127820.0,96133.0
148548.0,164652.0
145630.0,142642.0
111472.0,93597.0
126660.0,117702.0
116388.0,151250.0
117993.0,172732.0
86744.0,138546.0
109421.0,66934.0
92028.0,70974.0
125155.0,178902.0
142934.0,81512.0
118110.0,150453.0
151371.0,93572.0
88208.0,73892.0
100739.0,66659.0
139165.0,104812.0
89218.0,163182.0
63792.0,205904.0
87207.0,142060.0
103888.0,157252.0
120345.0,92812.0
74710.0,206218.0
117273.0,93663.0
64860.0,139768.0
73652.0,143717.0
64775.0,130114.0
105625.0,100246.0
178573.0,95369.0
267528.0,134913.0
210249.0,148444.0
42099.0,51412.0
10400.0,13625.0
158676.0,87429.0
121713.0,173280.0
79718.0,156476.0
181615.0,199488.0
209209.0,72230.0
72881.0,196294.0
231078.0,124788.0
156590.0,124764.0
149725.0,109099.0
135636.0,156470.0
85522.0,139911.0
124813.0,167329.0
160848.0,137542.0
271560.0,86859.0
191898.0,101343.0
227855.0,71469.0
64327.0,165709.0
73576.0,164925.0
50670.0,158192.0
160924.0,167732.0
271290.0,119782.0
159891.0,179100.0
210821.0,91867.0
153556.0,221113.0
140920.0,206441.0
138926.0,211009.0
142595.0,205685.0
55973.0,174419.0
117582.0,210783.0
111137.0,195422.0
111109.0,206780.0
56202.0,226352.0
129824.0,228475.0
140636.0,204403.0
178870.0,144179.0
0.0,0.0
178906.0,177591.0
206720.0,160211.0
183031.0,147737.0
135559.0,250170.0
208154.0,199133.0
208154.0,199133.0
156116.0,149349.0
208154.0,199133.0
197747.0,189176.0
76346.0,187898.0
147552.0,177053.0
117459.0,209683.0
82570.0,186008.0
274814.0,100898.0
153326.0,200936.0
154182.0,140474.0
332777.0,49646.0
302652.0,66791.0
290162.0,70242.0
282387.0,66587.0
128598.0,114646.0
228616.0,71575.0
261043.0,84006.0
253366.0,87990.0
289341.0,94028.0
229156.0,80584.0
94090.0,103608.0
141569.0,136350.0
140193.0,146174.0
220786.0,134794.0
219441.0,93062.0
208652.0,134631.0
221138.0,87512.0
242310.0,91642.0
181733.0,68731.0
189367.0,130843.0
242310.0,91642.0
159550.0,128189.0
212021.0,80187.0
242310.0,91642.0
181733.0,68731.0
148811.0,106681.0
168942.0,143584.0
212021.0,80187.0
220161.0,86951.0
192772.0,132269.0
193979.0,236449.0
151444.0,57276.0
158383.0,134610.0
179501.0,152558.0
212021.0,80187.0
181733.0,68731.0
203502.0,169124.0
154661.0,128534.0
194415.0,106705.0
203502.0,169124.0
212830.0,142604.0
260796.0,102347.0
214047.0,137966.0
179375.0,110861.0
231516.0,144022.0
231516.0,144022.0
213910.0,123009.0
224812.0,132296.0
159080.0,127997.0
200724.0,119002.0
360860.0,102160.0
331707.0,180696.0
200527.0,224089.0
210520.0,260938.0
184003.0,241023.0
257148.0,176037.0
259580.0,179657.0
216415.0,221635.0
197281.0,299011.0
230246.0,140239.0
225457.0,174049.0
247545.0,143495.0
241285.0,136011.0
179216.0,146544.0
154178.0,167000.0
182525.0,164229.0
173001.0,149193.0
181001.0,225464.0
143565.0,184508.0
161760.0,210911.0
136671.0,179446.0
240788.0,120887.0
81173.0,234459.0
149626.0,131831.0
144581.0,228155.0
266195.0,95850.0
308179.0,90755.0
254026.0,101730.0
200938.0,176878.0
118436.0,190512.0
89756.0,291034.0
171985.0,98106.0
194167.0,98758.0
155406.0,294096.0
131614.0,260021.0
122111.0,100324.0
253802.0,97392.0
204803.0,109443.0
140728.0,190749.0
152627.0,191802.0
185260.0,156345.0
93475.0,233580.0
106088.0,144799.0
149066.0,169394.0
135131.0,204645.0
224841.0,102350.0
215605.0,83125.0
189857.0,61409.0
241636.0,78157.0
108086.0,70336.0
258895.0,83740.0
121781.0,47044.0
241636.0,78157.0
164616.0,136768.0
108099.0,164407.0
106783.0,196865.0
120355.0,222058.0
181717.0,202968.0
96693.0,228451.0
193262.0,104656.0
108057.0,212178.0
135512.0,221259.0
199259.0,213601.0
224159.0,224726.0
142206.0,249487.0
81225.0,203572.0
138429.0,189245.0
221518.0,178141.0
117494.0,187139.0
85276.0,244185.0
111806.0,246171.0
221507.0,146126.0
129600.0,245908.0
56317.0,241039.0
167963.0,203211.0
133743.0,239962.0
227962.0,130926.0
108040.0,242628.0
115885.0,192202.0
112681.0,210960.0
151615.0,223592.0
262909.0,165921.0
167563.0,193977.0
155430.0,195776.0
234596.0,140271.0
260388.0,110982.0
55303.0,40902.0
102040.0,63707.0
232560.0,142405.0
253683.0,74980.0
279250.0,121208.0
227303.0,129711.0
245490.0,147748.0
272232.0,125851.0
255242.0,145964.0
280863.0,100010.0
284133.0,138952.0
273654.0,73511.0
284292.0,133918.0
264198.0,174493.0
250209.0,160291.0
171588.0,244171.0
159169.0,248215.0
268401.0,109276.0
226924.0,100530.0
235572.0,136434.0
177884.0,227454.0
193093.0,205962.0
147440.0,225820.0
184573.0,181952.0
180279.0,197323.0
173227.0,210269.0
229261.0,189815.0
208038.0,211714.0
166777.0,199795.0
224989.0,199414.0
287571.0,136774.0
268351.0,125286.0
299539.0,125673.0
174046.0,239599.0
128566.0,233728.0
167228.0,223786.0
87534.0,175437.0
186440.0,113541.0
140690.0,203055.0
96466.0,218265.0
247912.0,105261.0
229166.0,176050.0
132679.0,280805.0
118172.0,243645.0
205947.0,159738.0
139264.0,226825.0
105718.0,263294.0
73219.0,259283.0
244786.0,343602.0
133648.0,184334.0
175073.0,150346.0
65860.0,222164.0
146118.0,120660.0
170728.0,210374.0
213959.0,176681.0
172679.0,162173.0
214764.0,194519.0
210152.0,171130.0
235836.0,170538.0
242396.0,149853.0
245849.0,83294.0
226156.0,121938.0
183170.0,188686.0
213408.0,221255.0
196407.0,216376.0
219472.0,185944.0
201463.0,154646.0
238325.0,175766.0
203102.0,74046.0
202731.0,140912.0
198149.0,123908.0
117515.0,149321.0
185944.0,128659.0
161328.0,143597.0
186700.0,186813.0
239182.0,44128.0
260274.0,47804.0
235616.0,35387.0
164257.0,49023.0
170579.0,32515.0
227689.0,85134.0
210121.0,135412.0
182677.0,165310.0
184705.0,169305.0
189022.0,178633.0
212090.0,148447.0
145935.0,173497.0
140171.0,174726.0
141219.0,176944.0
185607.0,156260.0
216716.0,139834.0
199169.0,155623.0
173238.0,184301.0
203886.0,160832.0
206182.0,169892.0
205882.0,87654.0
182092.0,68052.0
192231.0,53418.0
228064.0,67210.0
203959.0,58803.0
164390.0,261364.0
260993.0,133411.0
155448.0,260391.0
302485.0,143368.0
186169.0,236847.0
243321.0,217267.0
146628.0,222561.0
328757.0,166575.0
169220.0,233719.0
179808.0,227586.0
179790.0,244566.0
176189.0,220497.0
191081.0,190608.0
114375.0,233950.0
225547.0,118516.0
198753.0,198277.0
172361.0,189063.0
188614.0,225054.0
176239.0,184526.0
176719.0,197370.0
169290.0,201147.0
187498.0,184729.0
151525.0,217140.0
245486.0,126742.0
111347.0,241664.0
137560.0,222973.0
95444.0,236882.0
125505.0,228651.0
120188.0,241601.0
202744.0,143748.0
125728.0,202609.0
64634.0,221121.0
71448.0,232350.0
103683.0,205950.0
138393.0,158246.0
293244.0,162631.0
198177.0,261662.0
367566.0,102047.0
238867.0,222104.0
242524.0,209999.0
153736.0,223304.0
236663.0,205913.0
179625.0,212586.0
104541.0,234976.0
105181.0,264272.0
134637.0,241780.0
103851.0,242130.0
144510.0,213219.0
227098.0,183846.0
245532.0,161260.0
265667.0,58405.0
295857.0,65042.0
279423.0,164981.0
261468.0,135241.0
226032.0,180140.0
198795.0,181667.0
166684.0,187506.0
130608.0,221979.0
149843.0,89048.0
156366.0,110788.0
196528.0,202344.0
161236.0,183212.0
102742.0,226504.0
139386.0,218464.0
153409.0,208264.0
180651.0,126645.0
147288.0,214127.0
147642.0,260746.0
70675.0,242663.0
123988.0,229251.0
110985.0,217789.0
107675.0,239621.0
209834.0,128400.0
74422.0,223042.0
65578.0,160524.0
120533.0,166655.0
184578.0,97361.0
58547.0,234852.0
83089.0,219257.0
209363.0,168176.0
154789.0,211357.0
54371.0,219495.0
134162.0,183984.0
120776.0,115881.0
160313.0,75897.0
142403.0,172820.0
156092.0,119107.0
71244.0,195565.0
174456.0,133119.0
183865.0,126533.0
211539.0,208879.0
213055.0,191967.0
139484.0,129406.0
177613.0,142272.0
168026.0,189645.0
193657.0,221534.0
105130.0,168134.0
125461.0,107675.0
119365.0,91081.0
205541.0,224563.0
185558.0,95193.0
194537.0,200153.0
199414.0,110332.0
123462.0,91141.0
104182.0,93125.0
206503.0,140632.0
103985.0,193940.0
89919.0,250431.0
117135.0,170745.0
152020.0,189341.0
156092.0,119107.0
110969.0,262329.0
153204.0,118772.0
117687.0,230035.0
132755.0,233369.0
126701.0,224712.0
183133.0,177018.0
242820.0,112704.0
279147.0,122320.0
213970.0,230250.0
274705.0,172917.0
196298.0,164150.0
218953.0,122560.0
249312.0,139031.0
182886.0,220297.0
147854.0,229958.0
228783.0,215732.0
317311.0,93924.0
99934.0,244459.0
309715.0,158826.0
225664.0,169322.0
210408.0,141660.0
200722.0,213197.0
123227.0,178036.0
178458.0,216330.0
227551.0,177061.0
351107.0,109576.0
254000.0,131260.0
288751.0,89372.0
81849.0,183904.0
92623.0,184784.0
61512.0,176694.0
190559.0,196398.0
324280.0,136363.0
183045.0,204944.0
231607.0,98080.0
191202.0,252066.0
169030.0,236272.0
166323.0,246560.0
174616.0,239369.0
73491.0,193559.0
